492.014,0.274166446,0.263553551,0.270628814,0.260015919,0.267091182,0.277704077,0.268859998,0.252940656,0.270628814,0.28477934,0.304236314,0.263553551,0.295392235,0.35199434,0.302467498,0.311311577,0.328999735
492.089,0.302414007,0.305951012,0.309488018,0.275886462,0.31656203,0.305951012,0.313025024,0.31656203,0.297108498,0.318330533,0.327173048,0.320099036,0.346626581,0.362543107,0.362543107,0.350163587,0.36431161
492.165,0.336979534,0.319336627,0.312279464,0.333450953,0.312279464,0.324629499,0.336979534,0.30345801,0.331686662,0.333450953,0.335215243,0.301693719,0.329922371,0.382851094,0.37402964,0.372265349,0.377558222
492.24,0.344340456,0.31608688,0.301960092,0.331979516,0.323150274,0.307257637,0.301960092,0.305491789,0.321384425,0.321384425,0.335511213,0.319618577,0.358467244,0.406145153,0.395550062,0.414974395,0.392018365
492.315,0.391189427,0.364757709,0.373568282,0.385903084,0.350660793,0.347136564,0.362995595,0.366519824,0.362995595,0.364757709,0.394713656,0.350660793,0.385903084,0.45814978,0.405286344,0.43876652,0.43876652
492.391,0.374413331,0.349804004,0.35859305,0.360350859,0.37617114,0.390233613,0.35859305,0.360350859,0.381444567,0.381444567,0.383202377,0.363866477,0.409569513,0.464061594,0.404296085,0.43242103,0.453514739
492.466,0.423312021,0.40926017,0.375887023,0.382912949,0.382912949,0.374130542,0.388182393,0.361835172,0.411016651,0.365348135,0.442633317,0.388182393,0.42155554,0.479519427,0.454928687,0.488301834,0.468980538
492.542,0.42515377,0.402502134,0.412956735,0.395532401,0.428638637,0.409471868,0.423411336,0.418184036,0.418184036,0.43038107,0.463487306,0.444320538,0.433865937,0.533184646,0.489623809,0.487881375,0.496593543
492.617,0.478285156,0.476539589,0.457338361,0.464320626,0.481776288,0.483521854,0.424172602,0.474794023,0.424172602,0.467811758,0.483521854,0.418935903,0.507959782,0.551598939,0.544616674,0.553344505,0.54636224
492.692,0.482007378,0.492447971,0.483747477,0.47852718,0.497668268,0.471566785,0.445465302,0.476787082,0.462866291,0.47852718,0.497668268,0.431544512,0.513329157,0.626435582,0.575972715,0.546391035,0.609034593
492.768,0.490998363,0.506668524,0.49622175,0.4631403,0.531044329,0.508409653,0.457916913,0.510150782,0.494480621,0.510150782,0.515374169,0.503186266,0.531044329,0.625065292,0.593724971,0.5954661,0.614618519
492.843,0.570186875,0.54932638,0.519774011,0.516297262,0.568448501,0.518035637,0.523250761,0.547588005,0.523250761,0.556279878,0.589308996,0.518035637,0.582355498,0.688396349,0.610169492,0.653628857,0.723163842
492.919,0.599447466,0.56122183,0.554271715,0.554271715,0.604660052,0.566434417,0.559484301,0.573384533,0.543846541,0.599447466,0.648098275,0.57685959,0.620297812,0.767987768,0.674161208,0.677636266,0.767987768
492.994,0.665253434,0.598038709,0.61010289,0.573910346,0.613549799,0.604932527,0.616996708,0.580804164,0.625613981,0.641125071,0.658359616,0.613549799,0.697999069,0.77900143,0.749702704,0.742808886,0.782448339
493.069,0.708643725,0.653334947,0.649878148,0.629137356,0.656791745,0.620495359,0.623952158,0.627408957,0.689631332,0.661976943,0.689631332,0.622223759,0.706915326,0.845187272,0.777779698,0.82444648,0.853829269
493.145,0.696618391,0.689738209,0.667377619,0.665657573,0.724139117,0.682858027,0.663937528,0.706938663,0.703498572,0.694898345,0.765420207,0.667377619,0.77574048,0.92538443,0.846262341,0.877223159,0.963225429
493.22,0.789990018,0.746962239,0.729751127,0.734914461,0.755567795,0.755567795,0.745241128,0.753846683,0.788268906,0.805480018,0.822691129,0.753846683,0.820970018,1.044714468,0.95865891,0.968985577,1.036108912
493.295,0.842552317,0.844264822,0.810014728,0.830564784,0.833989793,0.832277289,0.808302223,0.799739699,0.822002261,0.861389869,0.875089906,0.786039662,0.984690208,1.135390622,1.056615406,1.070315443,1.137103127
493.371,0.921043621,0.89878792,0.891940012,0.927891529,0.879956173,0.921043621,0.830308841,0.876532219,0.891940012,0.974114908,1.040882011,0.926179552,1.064849688,1.246319249,1.119632952,1.200095871,1.282270766
493.446,0.984258719,0.994547138,0.994547138,0.987688192,0.968826091,1.051133441,0.991117665,0.982543983,0.996261875,1.052848177,1.075139751,0.965396619,1.147158682,1.402654412,1.265475496,1.327206008,1.406083885
493.521,1.160703602,1.085488641,1.124805552,1.123096121,1.090616934,1.111130105,1.025658558,1.059847177,1.155575309,1.182926204,1.24959401,1.054718884,1.264978889,1.559001009,1.441050274,1.509427512,1.57951418
493.597,1.226209155,1.236441776,1.210860222,1.181867795,1.23985265,1.157991677,1.186984105,1.137526434,1.214271096,1.289310321,1.343884303,1.190394979,1.458148578,1.746367419,1.599699843,1.681560816,1.77365441
493.672,1.386145358,1.346979089,1.38955112,1.336761801,1.343573326,1.360602139,1.292486888,1.260132144,1.367413664,1.452557728,1.46958654,1.29589265,1.553027723,1.980450923,1.753967713,1.86976364,1.953204823
493.747,1.546208229,1.505518539,1.500432328,1.45635183,1.473305868,1.461438041,1.422443755,1.412271332,1.500432328,1.542817422,1.612328976,1.400403506,1.702185375,2.165030602,1.902243019,1.998881034,2.098909855
493.822,1.742325471,1.654277925,1.645811815,1.618720263,1.703381364,1.667823702,1.544218493,1.647505037,1.662744036,1.810054352,1.855771347,1.549298159,1.959057891,2.463638057,2.219814084,2.30786163,2.494116053
493.898,1.932817238,1.893855979,1.881998204,1.822709332,1.904019786,1.866752494,1.790523944,1.790523944,1.868446462,1.939593109,2.061558789,1.853200752,2.198770179,2.830620162,2.537563736,2.62565006,2.795046838
493.973,2.163230154,2.139588294,2.028133813,2.018001587,2.1024368,2.083861053,2.016312883,2.063596602,2.095681983,2.161541449,2.370940777,2.053464377,2.473951737,3.184896229,2.750899235,2.956921154,3.213604201
494.048,2.433020284,2.377379487,2.374007318,2.282958742,2.370635148,2.417845521,2.252609216,2.311622182,2.375693402,2.52406886,2.711224266,2.276214403,2.825878029,3.626768281,3.132745452,3.378913824,3.663862146
494.123,2.833500076,2.741932749,2.670713716,2.541841182,2.745324131,2.711410306,2.477404914,2.60797314,2.718193071,2.789412104,3.09633222,2.558798094,3.254031506,4.168009089,3.672867244,3.85769759,4.2239669
494.199,3.217294225,3.149632938,3.102270036,3.036300281,3.185155114,3.080280118,2.931425285,3.017693427,3.200378903,3.235901079,3.550526067,3.005852701,3.72306235,4.851314321,4.235596603,4.397983694,4.849622788
494.274,3.734608044,3.585966927,3.511646369,3.479553401,3.683934936,3.640018242,3.297130213,3.422123879,3.623127206,3.766701012,4.072428762,3.398476429,4.248095536,5.587554685,4.827458068,5.141631336,5.643295103
494.349,4.280457752,4.199439625,4.045842757,4.008709449,4.138676029,4.125173007,3.919251933,3.927691321,4.20281538,4.408736455,4.675421125,3.995206427,4.908348243,6.575971374,5.537926611,5.860311245,6.498329001
494.424,4.880473054,4.813086474,4.72548392,4.553648141,4.789501171,4.742330565,4.403713001,4.503108206,4.838356441,5.025354201,5.424619687,4.506477535,5.71775131,7.580990246,6.60893883,6.890277801,7.655115484
494.499,5.682922742,5.475113122,5.387967153,5.280710575,5.585721468,5.426512485,5.002513826,5.22037875,5.550527903,5.674543322,6.229260935,5.148315737,6.683425507,8.686106921,7.484498073,7.978883861,8.71459695
494.575,6.579167924,6.416574475,6.253981025,6.180227296,6.369640283,6.304267659,5.851687955,6.06792048,6.386402494,6.69315096,7.142378223,5.97908076,7.713969627,10.24673975,8.830332898,9.336551678,10.18471957
494.65,7.780893251,7.467120636,7.320248348,7.079911877,7.577274851,7.383670472,6.746111222,7.001468723,7.487148675,7.861005408,8.441818546,6.983109687,9.032645704,11.83323319,10.2526871,10.91027438,11.89832432
494.725,8.970144023,8.70646351,8.401061398,8.382703893,8.684768278,8.544583702,7.882044692,8.255870229,8.646384406,8.881694231,9.898032409,8.072295189,10.48547254,13.7881544,11.82890806,12.62328733,13.70304234
494.8,10.53759867,10.15039468,9.869547154,9.703365185,10.19027835,9.964270877,9.173244703,9.467386789,10.04902368,10.47943498,11.44661404,9.517241379,12.05982551,15.94017449,13.68840881,14.60407146,16.00332364
494.875,12.17143619,11.93490355,11.53846154,11.36522637,11.88992904,11.66339075,10.77056335,11.1403538,11.8282973,12.38131725,13.47069994,11.01042742,14.02205417,18.62777759,16.06089882,16.97704634,18.63277476
494.95,14.26451462,14.04608664,13.45082869,13.2957615,13.8209891,13.65258279,12.54543636,13.02731184,13.7743022,14.46293394,15.64011071,12.98562711,16.61053123,21.60102711,18.69143295,19.81025111,21.47263814
495.025,16.56342134,15.98038891,15.57458509,15.30460132,15.87107033,15.71703051,14.63709544,15.12074734,15.88100838,16.64292576,18.01603339,14.86567065,19.05621625,24.58177361,21.63514095,22.83267632,24.41117037
495.101,19.18250447,18.56996225,18.20740348,18.05178465,18.56665122,18.26700219,16.84656645,17.5385736,18.47559764,19.37454473,20.93238858,17.48394146,21.93232236,28.41533673,24.84934773,26.12740878,28.45672472
495.176,22.11657915,21.51032781,20.89248149,20.46843683,21.36290603,21.20885856,19.55077769,20.25310165,21.42253731,22.56547018,23.96846168,20.36573852,25.19587219,32.17935764,28.35633003,29.81729638,32.39137997
495.251,25.40248087,24.54968329,24.15050145,23.55502771,24.66020058,24.34184481,22.63130113,23.25646609,24.49524941,25.64001056,27.4297308,23.36038533,28.9472816,36.28266033,32.26444972,33.98324096,36.18533914
495.326,28.88034202,28.0682062,27.48386458,27.16693353,27.99392549,27.98897344,26.23924993,26.79552995,28.08141166,29.39040293,31.32665357,26.64036579,32.84693221,40.42026378,36.41075585,38.07299318,40.78671531
495.401,32.99120477,32.02422402,31.28991271,31.07374466,32.06547747,31.50938103,29.91369779,30.45329285,32.02257388,33.46479431,35.12978334,30.4334912,36.87397898,45.00255771,40.82770911,42.22372568,45.13126846
495.476,37.14942906,36.16364084,35.29779019,34.89361702,36.05191818,35.71346422,33.67945453,34.55844903,35.9664832,37.66368192,39.68783373,34.4434404,41.23552124,49.33705742,45.10309702,46.55877762,49.45370903
495.551,41.16819372,40.06053665,39.30137435,38.96924084,40.30268325,39.67768325,37.45418848,38.41295812,39.97545812,41.7473822,43.64528796,38.61420157,45.48102094,53.44568063,49.25556283,50.81151832,53.5520288
495.626,45.89943621,44.51455356,43.77704209,43.21489445,44.89642061,44.07368559,41.8414842,42.81336043,44.35721778,46.18460732,48.33158516,42.92808444,49.92788777,57.74387046,53.95470041,54.98721647,57.67175823
495.701,50.08832477,48.81906507,47.99633616,47.71664104,48.82560764,48.28093821,46.33942883,47.12290229,48.80107298,50.5692041,52.51398476,47.28810233,54.20360496,61.48385619,57.57139586,58.90771697,61.39062449
495.776,54.34258535,53.04762836,52.35046912,51.92207454,53.10463904,52.25599427,50.32740422,51.33079229,52.85704978,54.63741204,56.37542351,51.37640083,58.06619755,64.99055251,61.09102163,62.46742247,64.44813657
495.851,58.50925414,57.28458511,56.07943272,55.97534398,57.27807956,56.51042514,54.74254302,55.22395342,56.96906613,58.68002472,60.16003643,55.81107894,61.98321569,68.26919949,64.56591744,65.71414631,67.80080018
495.926,62.47471782,61.18940432,60.69517844,60.54185424,61.42917727,60.40321002,58.78351928,59.88941084,60.8778626,62.76831735,63.94597769,59.7083578,65.60970836,71.20277941,68.01233118,69.0513473,70.85372219
496.001,66.24869893,64.72645069,64.25969295,63.82383555,65.20784543,63.81570388,62.54879001,63.29365079,64.60284934,65.82259953,67.02933906,63.42050481,68.45400729,73.1557377,70.71948998,71.43832943,72.91016133
496.076,69.41035132,68.03850899,67.54821742,67.36314046,68.21059809,67.34528216,65.79485681,66.55302292,67.35502305,68.95415287,70.06786155,66.67316059,71.19618157,75.32469641,73.06643289,73.84083382,75.2354049
496.151,72.12522188,71.01339358,70.46796837,70.19041472,71.06341778,69.65789898,68.42181701,69.24802324,70.11295788,71.38131354,72.47539132,69.13990641,73.36775859,76.51605616,74.6409553,74.91850896,76.45796353
496.226,74.81114411,73.80229855,73.36809143,73.16793647,73.80875517,72.34471849,71.25193698,72.25916839,72.85640496,73.76840134,74.56740702,72.06547004,75.5552686,78.16535382,76.425297,77.22591684,77.93291581
496.301,77.00168154,76.314513,75.72920709,75.6742336,76.70417798,74.85771569,73.8972966,74.63943862,74.85124822,75.92808175,76.4131419,74.42924589,77.54333204,79.06318717,78.09306687,78.31942828,79.41243047
496.376,79.01754948,77.72577931,77.55749659,77.22894463,77.75783316,76.18879718,75.57336325,76.07180063,76.61190801,76.82987419,77.57031813,75.49963939,78.68098405,79.57688917,78.87490985,79.16179181,79.75799343
496.451,80.94993086,79.92571631,79.37743191,79.84049908,80.09454288,78.21494035,77.68434254,78.41431649,78.44165032,78.97546387,79.55268997,78.08309483,80.19423095,81.17020934,79.80994951,80.63961154,81.12358105
496.526,82.63653726,81.58853456,81.22743103,81.38952639,81.76667897,79.5037635,79.30796514,80.18905776,80.08473896,80.28856184,80.32868446,79.0832785,81.34779887,81.57730023,81.24187517,81.36384792,81.84210949
496.601,83.41751918,82.81329923,82.70620205,82.73976982,82.65824808,81.16528133,80.92071611,81.02941176,80.59303069,80.73369565,81.23241688,80.27973146,82.24904092,82.09878517,81.66400256,82.10358056,82.60070332
496.676,84.74134901,83.8866345,83.75882672,83.80994984,84.01763747,82.22832859,81.83372208,82.26187814,82.2810493,82.25708534,82.46637058,81.46307953,82.83701313,82.81943956,82.61973991,83.32268269,83.19008212
496.751,85.49193997,84.45326769,84.45326769,84.65814341,84.82172636,83.15095688,82.45692051,83.22083697,82.62685619,82.32351306,82.80790916,82.16628286,83.65758755,83.14778051,83.15730962,83.49400461,83.7608195
496.826,86.25195194,85.92370694,85.62573696,85.83925555,86.20414927,84.07852385,83.77736703,84.33187801,84.15022786,83.83313681,84.01478696,83.22604289,84.80512445,83.95583033,84.34143854,84.99474171,84.41154913
496.901,86.91271978,86.31553936,86.0240773,86.2886108,86.66877871,84.80595596,84.68398543,85.23364486,84.58735942,84.21511167,84.09472517,83.92523364,84.9136702,84.49231744,84.79961983,85.11642642,85.2257247
496.976,87.60007595,86.99566469,87.00674029,87.16970982,87.39438625,85.47039651,85.33590709,85.64918832,85.32799595,84.5289706,85.19667099,84.77579823,85.69665517,85.38812063,85.1191418,86.09537673,85.76310876
497.051,88.05148216,87.59991189,87.24117314,87.35288564,87.55742967,85.79677764,85.90219649,86.03751023,85.59223362,85.18314557,85.46950721,84.68751967,85.99502801,85.63943609,85.62370193,86.04065706,86.31915161
497.125,88.27459364,88.03408055,87.54519445,87.56563021,87.97748923,86.42594397,86.1587072,86.7214764,86.36306473,85.33813312,85.87575062,85.34284906,86.24673814,86.33005313,86.15713522,87.08460402,86.57685415
497.2,88.43698906,88.13199598,88.33322852,88.38668092,88.32379575,86.84127783,87.23588228,87.4355427,87.06137593,86.09451641,86.34920136,86.16683436,87.17299711,87.11011194,86.88844171,87.71695384,87.54716388
497.275,88.42009647,88.26035206,88.48274134,88.20397168,88.53442335,87.16093466,87.3441709,87.67775481,87.40524964,86.43268809,86.9322809,86.58773414,87.26586481,87.2141828,87.4021174,87.88135062,87.73100294
497.35,89.35896833,88.93746376,88.70399097,89.09729078,89.02051113,87.73092653,88.19160438,88.25898243,87.73562732,87.00230339,87.60400508,87.20443755,88.33262821,87.79517072,88.02550964,88.94373149,88.26681709
497.425,89.57562841,89.19482229,89.45966276,89.31862346,89.72293612,88.01165925,88.70275183,88.81244907,88.28120103,87.74368457,88.30000627,87.55406507,88.48962578,88.75760045,88.72782549,89.13057105,88.8751332
497.5,89.43393276,89.58717748,89.28694292,89.58248632,90.01407349,88.59421423,88.88350274,89.2634871,88.84128225,87.90461298,88.17670055,87.87490227,88.56763096,88.83971853,89.0758405,89.46051603,89.18686474
497.574,89.49192227,89.9523921,89.6011863,89.96019668,89.74947319,88.85975181,89.14696012,89.12666823,89.04393975,88.18543667,88.70209943,88.27909155,88.9861859,89.14696012,89.33114805,89.86029813,89.36080543
497.649,89.86782083,89.69500708,89.60470801,89.67321075,89.80865937,89.11740437,88.98195575,89.73704286,89.12051813,88.60674752,88.70950164,88.3592035,89.34159518,89.26686491,89.86626395,90.34578319,89.92075478
497.724,90.2842345,90.04399239,89.77723004,90.00655206,90.37783532,89.72574959,89.78347009,89.86771084,89.37942654,88.84746186,89.28270569,88.85370191,89.79439019,90.2499142,90.52759664,90.59155721,90.06895261
497.799,89.74067794,89.87601699,90.24003236,90.20114183,90.50137672,89.78112409,89.97557675,90.14202822,89.98802172,89.12776317,89.63178445,89.37821819,90.34114774,90.24781046,90.20269745,90.35670395,90.5511566
497.874,90.10121111,90.28622067,90.04835124,90.65157569,90.7992724,90.18982914,90.36395578,90.27689246,90.14163337,89.51508838,89.90065453,89.84623995,90.08410939,90.88944513,90.6609039,91.18172914,90.75574074
497.948,89.93515036,90.05742056,89.68441906,89.91502995,90.0852796,89.81133244,90.45982882,90.28184055,89.7122781,89.87633685,90.13790221,89.83300057,90.10385229,90.37006083,90.74925322,90.99998452,91.00617542
498.023,90.18887235,90.37495348,90.31447711,90.18111897,90.37805483,90.48815283,90.26950751,90.67423397,90.56413596,90.00744325,90.19042302,90.30672373,90.94715296,91.06810569,91.13013274,91.57207542,91.47283215
498.098,89.9494233,90.05119349,90.14216986,89.95559119,90.36575587,90.36267193,90.36883982,90.71269969,90.41509899,90.12366619,90.16992537,90.27169555,90.9640412,90.96095726,91.14599396,91.32023685,91.17529143
498.173,89.98330293,90.02195356,90.08688661,90.38217742,90.40382177,90.86762933,91.26341177,91.22476114,90.73157911,90.10698494,90.95266071,90.70065861,91.27268792,91.23712934,91.5355122,91.80915865,91.64837204
498.247,89.78285679,90.19000031,90.35501681,90.16224052,90.26094198,90.94105672,90.8778261,91.06751797,90.84698189,90.68813423,90.7729558,90.93026125,91.16621943,91.43764844,91.45769717,92.00363962,91.77385028
498.322,89.75993594,90.27424893,90.27116922,90.29734682,90.65767389,90.78086263,91.34599098,91.59544818,91.37370844,90.72080812,91.00260236,90.88249334,91.22280224,91.44762169,91.94961581,91.31981337,91.64626353
498.397,90.01107999,90.53122403,90.25422425,90.38810748,90.51737404,90.83592379,91.36530116,91.66538426,91.0482903,90.81745714,91.31297898,90.95134037,91.43455111,91.48995106,91.54381213,92.19476163,91.61767874
498.472,89.47529635,90.37277545,89.93169357,89.99601801,90.14151377,90.6698931,91.15845254,91.31160597,90.92412779,90.83223573,91.28097528,90.95016387,91.19061476,91.29016449,91.19980396,91.86295831,91.30701136
498.546,89.54170486,89.86251146,90.06568897,89.97708524,90.4812099,90.84631836,90.69813627,91.21295448,90.78521234,90.75313168,91.05560648,91.16406966,91.26947754,91.76901925,91.6162542,91.9217843,91.50626337
498.621,89.31991609,89.42024139,89.50536588,89.73337792,90.05563494,90.34597027,90.88863892,90.97224333,90.3125285,90.30644818,90.5359803,90.59070319,91.03760679,91.24129754,91.23217706,91.35834372,91.25345818
498.696,89.68763372,89.96423987,90.03300935,89.94284492,89.95354239,91.32281924,91.27086008,91.53065591,91.17611101,91.09664405,91.21890091,91.32434745,91.76752858,91.66055382,92.00440125,92.11443242,91.71251299
498.77,89.8367602,90.3534576,89.90382417,89.82913929,90.36107851,91.20852322,90.89759027,91.78618787,91.19328141,91.25272447,91.47982746,91.12774162,91.56670579,91.65510829,91.58042342,91.92336417,91.70083373
498.845,89.68788482,90.08924092,90.1181264,89.81254846,90.27471609,90.86002706,90.92691974,91.27506575,91.11847606,91.26594402,91.3982091,91.09415145,91.90750566,91.64753637,92.10362285,91.682503,92.09602141
498.92,90.07648708,90.64023647,89.89517309,90.04296685,90.49701365,91.09580692,91.59403949,91.62146514,91.20246221,91.27559727,91.4614822,91.38072891,92.24768406,91.95057289,92.31777182,92.22940029,92.05265724
498.994,89.12362949,89.48204159,89.29754253,89.30510397,89.76030246,90.68733459,90.99432892,91.18638941,90.81890359,91.07145558,90.86729679,90.99886578,91.08657845,91.25595463,91.42230624,91.76710775,91.58109641
499.069,89.72771715,89.97139441,89.63085166,90.10912503,90.12728731,90.94004934,91.07475292,91.64232417,91.15951022,91.06264473,91.4501067,91.39713339,91.89962313,92.18567904,91.87086619,92.25378759,92.24167941
499.144,89.77048092,89.86554799,89.73879189,89.6241078,89.75840891,90.61250358,91.0184249,91.00031689,91.00031689,91.3911482,91.0063529,91.27948211,91.21157706,91.66578642,92.03398271,91.75481749,91.95098764
499.218,90.17138012,90.14412887,90.11384969,90.16683825,90.4544904,91.18421849,91.43099376,91.60661297,91.18573245,91.53394295,91.96542118,91.99872827,92.20765458,91.8549022,91.97601889,92.17283353,92.4635136
499.293,89.92260951,90.08283201,89.98760543,89.94377097,90.35490795,91.35251973,91.27392001,91.43565404,91.45530397,91.25880468,91.47344237,91.71528764,91.93143686,92.00096738,92.08863629,92.2261858,92.24130113
499.367,89.81791324,89.6943113,90.08621989,90.20228513,90.02291158,90.69367821,91.11271894,91.45036327,91.41418709,91.37951825,91.40815773,91.46392934,91.91311688,92.07138766,92.20554098,92.1542914,92.34572367
499.442,89.52041292,89.99593698,89.63327465,90.10578905,89.98540322,91.47969241,91.43454773,91.43003326,91.11703008,91.57449626,91.44658631,91.36683069,91.76109431,91.86793674,91.950702,92.1147277,91.73852196
499.517,89.78490594,89.75342876,89.94678858,90.03072772,89.93179945,90.76969197,90.80416698,90.70673762,91.16690399,91.22236379,91.28531814,91.0095181,91.61657798,91.61657798,91.75597692,92.09173349,91.65554973
499.591,90.2658456,90.47611895,90.09612496,90.39050766,90.39501352,91.23460499,91.2721538,91.34725143,91.29618504,91.58756383,91.35626314,91.6266146,92.03514569,91.80234305,92.32051667,92.47071193,92.39711625
499.666,89.82578501,90.1506684,89.2788483,90.02399368,90.32205183,90.39656637,90.70654685,90.63650318,90.54857603,91.05080401,90.69909539,90.9241293,91.62009508,91.61413392,91.70206107,91.94795905,91.78402706
499.74,89.98280888,90.10987368,90.32065177,89.98280888,89.78100007,90.78705434,90.84684954,91.14134091,90.94999626,91.25943643,91.40593467,91.06360715,91.61970252,91.84991404,92.11301293,91.99491741,91.91568877
499.815,89.56150909,89.86909167,89.76359233,90.20639237,90.02362591,90.53180582,90.57043938,90.81115618,90.53329173,90.93151458,91.39065959,91.01918305,91.15885823,91.67595358,91.60165827,91.82751601,91.8498046
499.889,89.87699914,90.20758257,89.78318492,90.25821247,90.15993091,90.56497007,90.78386991,91.26187569,90.84939095,91.19337642,91.05488876,91.16508324,91.42270006,91.9066623,92.34446198,92.02430235,91.7741311
499.964,90.29849634,90.63827251,90.41473556,90.54289674,90.56226994,90.67403842,90.95122424,91.28503942,90.84988749,91.25970523,91.15836848,91.73360356,91.45939824,92.17769697,92.13895057,92.12851884,92.48319747
500.038,90.08853508,90.22691764,89.83706569,90.41440369,90.56915408,90.75217618,91.21493936,91.3265382,90.85633509,91.49616844,91.36373782,91.54080798,91.64645488,91.8369169,92.16576148,92.13302582,92.04374675
500.113,89.64985392,90.33056993,89.92718267,90.1970962,89.77146332,90.61827997,90.65238992,90.83925314,90.94899821,91.32569073,90.86891397,91.38352934,91.55556215,92.15026176,92.07759273,91.91594121,91.72462887
500.187,89.92190626,90.52502112,90.19160381,90.49390217,90.48649289,90.5842953,90.75470859,91.32818636,91.08219848,91.55935569,91.04515211,91.42895248,91.30744039,91.92389194,92.0039121,92.07355927,92.09578709
500.262,89.28033769,90.23821472,89.84266612,90.10242938,90.14818313,90.29872775,90.57029843,91.16804912,90.51716504,90.9156655,90.79906721,90.98503409,91.60049591,91.43224016,91.87206659,91.64329781,91.25512885
500.336,89.37165182,90.21813123,90.18705419,90.66652855,90.43715038,90.50966348,91.1785598,91.53816557,90.85743037,91.218516,91.28214994,91.66247373,91.49968923,91.77494303,91.83413739,91.93328795,92.03835795
500.411,88.91940719,89.23079183,89.22344785,89.64058576,89.73752625,90.28391816,90.76421427,90.73630715,90.28098057,90.89934345,90.83031006,90.63055388,90.77008945,91.13581951,91.42076583,91.2680111,91.25772954
500.485,89.07114276,89.74785218,89.77727433,90.00676709,90.14946452,90.39808168,90.96298694,90.97328469,90.84676945,91.06155114,91.03801342,91.02918677,91.41167471,91.55142992,91.61910086,91.97510886,91.67353183
500.56,88.94100694,89.8438419,89.74091283,90.17762616,89.86736854,90.97165039,90.97017998,91.04223033,91.35542877,91.0878132,90.63639572,90.94665333,91.44953535,91.51129279,92.0038819,91.33925421,91.63480767
500.634,88.33440873,89.59408728,89.12189113,89.54276161,90.1484045,90.64699672,90.94615204,90.67632567,90.70125528,91.40368372,90.73498358,90.96668231,91.01947443,91.51806664,91.50193571,91.3508916,91.90374237
500.709,88.22806658,89.57669017,89.15835357,89.42456777,89.58692918,90.38410906,90.88582044,91.00868853,90.74978791,90.88435772,91.14033291,90.79805751,91.00430038,91.49723547,91.68592575,91.53234064,91.33194863
500.783,87.59145449,89.31665203,89.11764706,89.15569213,89.24787826,90.62335382,90.96283289,90.74480538,90.66139889,90.67895815,90.78870354,91.2276851,91.16915423,91.37254902,91.44424934,91.45449224,91.91395961
500.858,87.92631317,89.16955879,89.14027149,89.17688061,89.01433613,90.64563839,91.22699117,91.38074946,91.0307663,90.92972514,91.19331078,90.78914613,91.47739753,91.4246804,91.48764808,91.73659008,91.40564366
500.932,87.33755317,89.02159136,88.58303975,89.10491616,89.1136872,90.70855322,90.86935548,91.19973102,90.91467248,91.12663909,91.25089538,90.97899338,91.27282296,91.10032599,91.7917757,91.54618679,91.66605757
501.006,86.99962153,88.37084049,88.25438877,88.20926373,88.50330432,90.44804798,90.62563685,90.99537104,90.14236222,90.87746368,90.66639495,90.9094879,91.19479461,91.15840345,91.04049608,91.14093569,91.18897202
501.081,86.95924126,88.31350188,87.7636517,88.02839438,88.28731853,90.3354377,90.69618596,90.75291653,90.63654613,90.87365083,90.6787304,91.14857592,91.33476857,91.33040468,91.31440375,91.37404358,91.18203241
501.155,86.22805745,87.81952706,87.46409401,88.04439286,87.95154505,90.32206586,90.44102713,90.62962426,90.34382707,90.95459161,90.67169592,90.62962426,91.29696794,90.86899753,91.34629334,91.12142754,90.91397069
501.229,86.42312441,87.97879294,87.30191009,87.56627206,88.23298715,90.4757063,90.78073934,90.65001089,90.3391677,90.81414772,90.97683201,91.06979447,90.83012564,91.22085845,91.05672162,91.26879221,91.146779
501.304,86.00965848,87.00876204,86.81935167,87.33408519,87.19528065,90.14487724,90.28079003,90.40947341,90.18680778,90.77817299,90.30970764,90.84323762,90.85046702,90.7998612,90.85625054,91.07891617,90.41236517
501.378,86.16318489,87.46559268,86.83539536,87.34245067,87.38736128,89.99797178,90.64120766,90.62382291,90.34421812,90.56007881,90.39202619,90.98310781,90.83678614,90.78028569,90.73972126,91.21925072,91.15695535
501.452,85.5291421,86.59737339,86.42005565,86.73288451,86.9361512,89.83810746,89.97650179,89.96785215,90.02551646,90.27203137,90.3902432,90.52431271,90.77515245,90.66126544,90.60215953,90.51133824,90.54882004
501.527,85.58795996,86.51112551,85.99121481,86.42183337,86.82364802,89.52689566,89.78325052,90.01800245,89.53121625,90.3838122,90.15626125,90.44286023,90.51919061,90.50334846,90.82163174,90.42845827,90.55519551
501.601,85.86239806,86.68951356,86.31499798,86.65625542,87.12620742,89.60610793,89.93724333,90.29440685,90.06159986,90.66313841,90.66169241,90.61108219,91.20105269,90.78894095,90.9913818,90.17438834,91.12875239
501.675,85.85887672,86.27208201,86.03308522,86.36566509,86.36710483,89.36464287,89.37904027,89.79800452,89.65978951,90.40989389,90.07443454,90.28751602,90.3739004,90.31775055,90.45164634,90.44588738,90.2616007
501.75,86.11606629,86.05564507,85.61399471,86.17217171,86.38076879,89.47519853,89.29537346,89.80607665,89.33421567,90.02474393,89.64063759,90.14990218,90.53400852,90.27074462,90.2275866,90.24916561,90.2060076
501.824,85.89773021,85.95225114,85.98955494,85.8532526,86.31237625,88.75864444,89.07859623,89.30098425,89.19768143,89.79167264,89.72710838,90.05853827,90.12310253,89.88923642,90.0944073,89.89927975,89.93514878
501.898,86.25712931,85.97123852,85.6954042,85.85056101,86.13788843,89.07150143,88.98817648,89.44359044,89.10310745,89.9952591,89.45221027,89.99382246,90.37596793,89.76539716,90.1346129,90.18058529,89.96508972
501.973,86.93446393,86.58091406,86.01609658,86.13682093,86.35814889,88.74101753,88.76976143,88.83443518,89.05288876,90.1868353,89.71687266,90.04024145,89.96550733,89.89795918,90.30037367,89.96407014,89.67806841
502.047,86.98554744,86.10209712,86.08351322,85.56173431,85.69039212,88.07770932,88.12488385,88.30786385,88.19350135,89.30996526,89.05836776,89.28709276,89.18559604,89.39430761,89.36714651,89.3985962,89.19560276
502.121,87.39584825,86.57981389,86.22763064,86.44810308,86.22906228,88.02433787,88.28346457,88.30493916,88.17322835,89.42877595,88.98210451,88.95919828,89.41159628,89.57193987,89.36578382,88.92913386,89.11381532
502.195,87.84248046,86.39525895,86.09464915,86.67869106,86.43534026,87.69360703,88.12877552,87.9383893,87.93982078,89.31546852,88.67273612,89.32405737,89.02344757,89.66045406,89.37415901,88.9232443,89.25248361
502.27,87.71420438,86.12724167,86.0019926,86.64104754,86.41047538,87.097922,87.27867919,87.27298605,87.01821805,88.61656704,88.17392542,88.45715912,88.5539425,88.33760319,88.72615998,88.2322801,88.47993168
502.344,87.77643633,86.74241886,86.08195441,86.37170655,86.55067112,86.59612243,86.80207372,87.03501172,87.19835239,88.19259996,87.89574604,88.03067964,87.95398054,88.09743626,88.22526809,88.15851147,87.92841418
502.418,87.79668226,86.56600028,85.97759819,86.7730044,86.87792429,86.14915639,86.18034879,86.66524883,86.56883596,87.91152701,87.27917198,87.73287963,87.58542464,87.86899192,88.31135687,87.69034453,87.64497377
502.492,88.25447226,87.0240694,86.78309188,87.02548692,87.33450515,86.03464406,86.45139342,86.76041165,86.78167437,87.6265132,87.43940124,87.35151532,87.31749497,88.00357214,87.45215888,87.85331557,87.78385734
502.566,88.25538549,87.34410431,86.81972789,87.39087302,87.111678,86.29676871,86.36621315,86.75595238,86.11111111,87.37811791,86.8579932,87.37528345,87.35260771,87.41921769,87.57227891,87.63747166,87.63321995
502.641,88.80797892,87.34168249,87.39551752,87.76952937,87.61085768,85.86688578,86.10772674,86.74524693,86.10489332,87.32468195,86.82458278,87.0243391,87.3799337,87.60660754,87.68452668,87.76244581,87.58394016
502.715,88.99821616,88.09638418,87.72687374,88.04541722,88.07939519,85.99682872,86.18653906,86.15256109,86.12990911,87.20446244,86.69904012,86.98360563,87.18605771,87.18322621,87.29931761,87.40549877,87.20304669
502.789,88.57251704,88.20143073,87.60317751,88.43565251,88.34393916,86.0341738,86.15833957,86.24158706,86.2839163,86.25005291,86.2063127,86.37421867,86.38268452,87.02326697,87.28147532,87.16718638,86.81303176
502.863,88.42218025,87.95562822,88.0472472,88.20088518,88.67589434,85.89772503,85.98793449,86.07814394,86.43475319,86.01189637,85.92732501,86.40515322,86.23460096,86.74484819,86.97178135,86.81109576,86.71383869
502.937,88.38952891,87.98582099,88.31638323,88.00129412,88.73134433,85.4679214,86.1740586,86.29081037,85.9152354,86.01792069,85.81395676,86.03761376,86.34426299,86.27252395,86.88160245,86.73812438,86.41037543
503.011,87.9099913,88.19196992,88.29578295,88.55391263,88.58477596,86.02873096,86.20689655,86.3485873,85.87722006,86.03013383,85.87722006,86.19988216,85.84214809,86.14516989,86.5000982,86.62355153,86.25880306
503.085,87.98744263,88.84900189,88.65050539,88.81662303,89.27978151,86.54306388,86.60500605,86.81194921,86.38257736,86.26150857,86.11228426,86.0799054,86.7584537,86.27417856,86.74437593,87.22865107,86.47267506
503.159,87.67770518,88.30440513,88.31982727,88.80211984,88.68575274,86.09623419,86.5504865,86.60796904,86.35700866,86.21540532,85.98687716,86.11025433,86.30233015,86.45935563,86.36822477,86.85191936,86.56030059
503.234,87.19903748,88.49032583,88.04264189,88.52250311,88.71696582,86.36242813,86.95980638,86.98638761,86.30646763,85.83919753,85.73287259,85.99308888,86.2575022,86.18335455,86.50652639,87.22841674,86.60585627
503.308,86.31593656,88.19674422,87.84321945,88.47062111,88.67882345,86.62474673,86.87766366,87.23677775,86.61915741,85.78774541,85.99175575,86.01551038,86.20834207,86.19297142,86.7085866,86.85949836,86.668064
503.382,85.34902484,87.79317252,87.40505801,87.77508833,87.74587541,86.48693765,86.9515622,87.2923796,86.67056172,85.53960437,85.4867429,85.87068414,86.14194697,85.74965918,86.34087305,87.02668113,86.40068998
503.456,85.6106375,87.90305702,87.76632111,87.89189491,88.06769823,87.322627,87.49424453,87.76492584,87.43703869,86.18130067,86.30268867,86.64592373,86.60825159,86.45198197,87.12170892,87.3895997,87.0714794
503.53,84.86562744,87.32120907,86.81137557,87.51815845,87.75421835,87.61034752,87.72348866,87.8072969,87.74863113,86.2763996,86.77924908,86.72058331,86.76248743,86.95384959,87.28908258,87.80869371,87.21225835
503.604,84.06229613,86.52887859,86.50111739,86.36647558,86.75790847,87.26871452,87.55743098,87.86002804,87.5255056,86.13189345,86.27069944,86.24987854,87.24372944,86.42199797,86.9369682,87.54355038,87.11186375
503.678,83.38792051,85.74858443,85.70556234,86.28150328,86.22737871,87.26129677,87.78311313,87.94687465,87.40424115,86.43416232,86.37864994,86.55628955,86.97402021,86.87826135,86.96430554,88.06206284,87.28766515
503.752,82.73153023,85.46666297,85.01634983,85.45973508,85.75624896,87.12658649,87.8609433,87.9925733,87.68774594,86.09294463,86.42409799,86.92567755,87.17508175,86.86471208,87.50762068,88.20041013,87.5588871
503.826,82.24192878,84.90092836,84.46584453,85.24317583,85.36649577,87.63198005,88.0850769,88.38714147,88.04350838,86.74102813,86.86850492,87.11791603,87.39088264,87.24123597,88.00609672,88.26659277,87.78162671
503.9,81.89119458,84.3782944,83.95383676,84.6307496,84.92343117,88.04721744,88.50635299,88.59512845,88.02224935,87.26904511,87.46740276,87.59501748,87.9251512,87.49098374,88.34960883,88.72413028,88.20118737
503.974,81.03877083,83.68060353,83.28267057,83.63362534,84.31895432,87.92384005,88.01503302,88.41572941,87.72072844,87.2191671,87.1597535,87.71520159,87.6336806,87.2537099,88.08550032,88.57048111,88.35769752
504.048,79.87778022,82.95529619,82.58505836,83.03787712,83.11770535,87.31419291,88.05329223,88.06843206,87.43531161,86.72924466,87.28391323,87.48761286,87.66378551,87.4944946,88.01475446,88.30103501,88.15789474
504.122,80.23278264,82.63507736,81.84212704,82.60749648,82.54819759,87.4796591,88.0243815,88.19400392,87.65755578,87.74995173,87.68789475,87.94577599,87.94577599,87.88096092,88.39672339,88.58289434,88.23813333
504.196,79.99972398,82.0988421,81.95807284,82.12506383,82.30033536,87.2355401,87.88556287,88.51488428,87.90902441,88.01391132,87.78067597,88.28440911,88.29406975,88.14225976,89.01585724,89.07796133,88.51902455
504.27,79.23300263,81.35896413,80.92138759,81.29704292,81.68508249,87.05021122,87.28000771,87.64740688,87.35568918,87.75748903,87.24698306,87.80702599,88.07947931,87.87995542,88.45238259,88.79501328,88.5707209
504.344,79.3289461,81.03003463,80.70857994,81.0534884,81.28802616,87.06731234,87.28115558,87.63848075,87.51569333,88.15170454,87.81507388,88.12825076,88.25241781,88.15584344,88.92429949,88.88566974,88.84979926
504.418,78.99604972,80.21967434,80.09579783,80.79088269,80.74683771,86.68740451,86.84018554,87.15951165,86.84569116,87.72934359,87.45406246,87.61510192,88.12712483,88.21246198,88.2427429,88.57583307,88.4381925
504.492,78.8101384,79.65866652,79.51861819,79.90306459,79.83715949,86.26290641,86.20386643,86.43178822,86.07068322,87.55354789,87.15262522,87.61945299,87.34484842,87.69771529,88.07255053,88.33342487,87.82540641
504.566,78.06650818,78.98051753,78.97641883,79.27152499,79.40951444,85.21326885,85.3048064,86.02344454,85.41547121,86.91286171,86.54397901,87.44432604,86.91286171,87.10550045,87.35961964,87.61373883,87.07407711
504.64,77.89476548,78.52051366,78.23620633,78.64430297,78.96669931,84.6038742,84.86641637,85.12215693,84.82152574,86.54233322,86.27707041,86.7069322,86.23490042,86.93546632,86.94226793,86.72461639,86.54777451
504.713,77.46249627,77.96706725,77.67273418,78.31701164,78.18408702,83.49971516,83.97308955,84.19824757,83.72487318,85.96560237,85.23722974,86.31961587,85.34845238,85.68212028,86.50136994,86.21246236,85.44882402
504.787,76.61395678,77.37602743,77.17870557,77.58695771,77.57879266,82.3567035,82.64520168,83.32698274,82.770399,85.22535518,84.00195961,85.07702357,84.40885091,84.63475042,85.2294377,84.50547058,84.52043982
504.861,76.20112646,76.59797892,76.30477178,76.70980676,76.63480028,81.32884204,81.85115987,81.9929903,81.81297476,84.43001896,83.23127907,84.34819371,83.16718262,83.67995418,83.94724999,83.66495288,83.40311209
504.935,74.9649512,75.34606433,75.34470321,75.75848317,75.81701126,80.1426452,80.64625897,80.83137105,80.19708993,83.24599491,81.67662552,83.4011624,81.86990431,81.75420926,82.66343628,81.9801549,81.24923437
505.009,73.88322697,74.32816731,74.50777625,74.92550311,74.46015267,78.70409427,79.42253004,79.96543889,79.18985482,81.46218007,79.95047147,81.76561033,79.94230743,79.60486033,80.47024887,80.01306247,79.22659301
505.083,72.35171936,72.74948752,72.97077151,73.36310938,73.3712548,76.88736238,77.44668142,77.73584393,77.2403307,79.54684297,78.03722458,80.72385659,78.05623057,77.13987049,78.79610649,77.93812194,76.96338632
505.157,70.69816116,71.24858995,71.36275296,71.77047799,71.88056375,75.12333682,75.87898721,76.24729882,75.13556857,77.3236929,75.94150505,78.31854198,75.63163403,74.71968904,76.67269194,75.64658394,74.11217875
505.23,68.11556834,69.32879166,69.34236239,69.83497992,69.316578,72.7174031,73.60085767,74.10026056,72.98610357,75.10042341,73.15709478,76.14808381,72.88568017,71.28297688,73.74199327,72.73911627,71.03191836
505.304,65.47329112,66.73161227,67.06851762,67.02522054,67.29447421,70.34556476,71.61065108,71.50782053,70.18049467,72.18433728,70.38344969,73.54413595,69.74752395,67.92634086,70.48763327,69.0831845,67.51907777
505.378,62.25726186,64.07475523,63.65283713,64.99567263,64.10856277,67.225618,68.73613891,68.85784605,67.34597285,69.1512955,66.98490831,70.52929085,66.04641099,63.84892086,67.00113593,65.804349,63.7961811
505.452,59.09311544,60.79740043,60.85268182,61.72370089,61.05223418,64.10754254,65.578567,65.7956476,63.87697867,65.5232856,63.18124208,67.4958876,62.46662891,59.90076315,63.23652347,62.03111938,59.69446916
505.526,55.5504581,57.3410155,57.78629353,58.4798478,57.54611326,60.6104357,62.06366126,61.92602987,60.27850117,62.02722943,59.65915991,64.1119402,58.77939847,55.56125272,59.3677052,58.12767335,55.64760967
505.599,51.36201441,53.68343096,53.86117283,54.59368478,53.95946947,57.26923854,58.76119302,58.54978792,56.49902377,57.62876187,55.27502861,60.34201845,54.24358715,51.20312395,55.09190063,53.59725308,51.01057026
505.673,47.41317928,49.36253107,49.58420098,50.41982938,49.88782159,53.16719285,54.88278364,54.62887083,52.53576946,53.56216833,51.11976893,56.27863236,49.87707396,46.88654531,50.57432659,49.29535837,46.4485793
505.747,42.81124068,45.0470593,45.69772268,46.18638962,45.20503929,48.78101027,50.53485601,50.18274805,48.56947773,49.1598945,46.55456335,51.87366955,45.472802,42.2301956,45.95209725,44.75921438,41.8941534
505.821,38.88054699,41.24011262,41.59538812,42.25767529,41.29373911,44.8558788,46.3989811,46.39764043,44.31961389,44.95106583,42.32604907,47.86164365,41.13285963,37.90186352,41.75760826,40.57514412,37.80265451
505.894,34.84791839,36.79600502,37.37014981,37.86952226,37.31006489,40.59070152,42.21700003,42.13421636,40.04593158,40.46652602,38.17795818,43.24645499,36.75728363,33.555425,37.21659946,36.2458942,33.15619409
505.968,30.90123589,33.14161896,33.45861645,33.98560805,33.38237654,36.40655931,38.12530095,38.13733883,36.02669734,36.16312664,34.00968381,39.26622439,33.02659034,29.95693114,33.42651544,32.37119469,29.71082339
506.042,27.20988381,29.24627953,29.70222894,30.23305566,29.46823731,32.69331051,34.21358756,33.87530252,32.34031743,32.26009172,30.4376312,35.00648491,29.14599741,26.36885103,29.45486636,28.41995481,26.04794823
506.116,23.85242729,25.69041231,26.09618388,26.49528157,25.94268477,28.83380718,30.05646098,30.12720405,28.29856245,28.34661434,26.53532482,31.03084665,25.57695645,23.01285388,25.84124187,25.04838559,22.80195945
506.189,20.78717512,22.40626331,22.76043886,23.31700043,22.52609715,25.37015339,26.58580102,26.44998935,24.80293992,24.99334256,23.25308905,27.33409672,22.2238496,19.97629953,22.56604176,21.75117171,19.85912867
506.263,18.15902149,19.73696496,19.8983607,20.19981059,19.83967134,22.33930453,23.42505769,23.17029251,21.77908791,21.82177108,20.40522335,23.95459578,19.43684891,17.4880954,19.71295568,19.03936189,17.09594376
506.337,15.64219818,17.10711722,17.17225427,17.52186744,17.05261479,19.37893813,20.31212613,20.12070295,18.79536331,19.00140909,17.62156701,21.12035732,16.70433095,14.96689974,17.02868689,16.42384282,14.72496211
506.41,13.48564577,14.67261707,14.94971025,15.14021182,14.91374142,16.74015853,17.81256245,17.56610937,16.2712316,16.58162925,15.22014254,18.21887697,14.53007394,13.04735896,14.77919137,14.17971092,12.94478119
506.484,11.67743733,12.65674969,12.90356825,13.07209491,12.6846163,14.56096817,15.29213498,15.15678287,14.04079141,14.31016866,13.03892037,15.84681325,12.39002641,11.2129938,12.67134649,12.11003331,10.97015619
506.558,10.04188537,10.85308308,11.07841578,11.21494088,10.90212608,12.56693707,13.09315519,12.94735168,12.18784794,12.29123588,11.19108213,13.49080112,10.86766343,9.611102275,10.90080059,10.56147606,9.403000901
506.631,8.588096781,9.306417261,9.495588216,9.547180294,9.389758311,10.88328284,11.2894051,11.13462887,10.54462715,10.49568082,9.74693424,11.73124496,9.209847473,8.257378329,9.391081185,9.061685606,8.10524784
506.705,7.335641968,7.927780274,8.16437125,8.276718919,7.903989003,9.209865447,9.656612652,9.578630151,8.884718073,9.077691718,8.296544979,9.9844035,7.893415105,7.081868408,8.045414893,7.717624045,7.014459806
506.778,6.313161494,6.910747248,7.043544082,7.217507935,6.969177855,7.965154111,8.36620055,8.287850418,7.81376572,7.796502131,7.149781549,8.807086039,6.849660704,6.112638275,6.963865981,6.747407142,6.019680491
506.852,5.415687,5.933479513,5.995561778,6.138218899,5.885927139,6.798668534,7.128893351,7.167199429,6.673183103,6.759041555,6.103875518,7.4009986,5.846300161,5.237365598,5.990278181,5.720814731,5.14490265
506.926,4.730409016,5.131223874,5.239695222,5.275411397,5.152389015,5.893168951,6.283401238,6.173607069,5.750304249,5.808508387,5.325678607,6.45669083,5.165617228,4.596804064,5.132546696,4.961902746,4.487009895
506.999,4.068136009,4.410660413,4.508148129,4.530543955,4.351377343,5.104931034,5.314397882,5.259067016,4.820372298,4.903368596,4.552939782,5.442185833,4.375090571,3.86657357,4.473895688,4.24730262,3.844177744
507.073,3.536947765,3.876378525,3.913359308,3.933170442,3.819586608,4.388826521,4.56976821,4.601466024,4.2131678,4.31222347,3.988641617,4.741464703,3.787888794,3.466948425,3.835435515,3.709965,3.30581787
507.146,3.085206054,3.26203138,3.355722411,3.416423642,3.341206899,3.766115517,4.052466977,3.945580027,3.697496734,3.686939998,3.463928953,4.111848616,3.301619139,2.992834616,3.349124451,3.186814637,2.879349705
507.22,2.624713416,2.865839197,2.915909031,2.885603605,2.86452157,3.325691095,3.464041953,3.381031439,3.222916173,3.203151764,3.004190055,3.533876196,2.819722244,2.633936807,2.955437848,2.86452157,2.597043245
507.293,2.332039218,2.575508324,2.542607094,2.525498454,2.508389814,2.8689873,2.992695927,2.945318155,2.774231756,2.768967559,2.618937948,3.091399618,2.507073765,2.257024413,2.517602158,2.405737975,2.195170099
507.367,2.00713355,2.208504982,2.186130378,2.19929191,2.219034207,2.480948683,2.594137854,2.554653259,2.38355335,2.484897143,2.234828045,2.679687808,2.122955027,1.94000974,2.233511891,2.154542703,1.924215902
507.44,1.782402231,1.911313979,1.940253351,1.916575683,1.928414517,2.146775233,2.267794425,2.300680075,2.081003933,2.129674695,1.957353889,2.357243393,1.883690033,1.746885729,1.965246445,1.881059181,1.667960169
507.514,1.587843606,1.646944485,1.71392548,1.725745656,1.660078013,1.885974705,1.964775876,1.960835818,1.837380649,1.880721293,1.736252479,2.012056579,1.653511249,1.551069726,1.665331425,1.637751015,1.470955202
507.587,1.373247303,1.44158114,1.479690395,1.516485538,1.477062171,1.625556855,1.729371723,1.722801162,1.682063682,1.679435457,1.528312548,1.738570509,1.486260956,1.318054588,1.469177497,1.487575069,1.339080384
507.661,1.205623626,1.311655671,1.33390931,1.326055084,1.324746047,1.456958844,1.500157085,1.525028799,1.421614829,1.445177505,1.345690648,1.580008378,1.257985129,1.212168813,1.26845743,1.305110483,1.17027961
507.734,1.094498704,1.108900003,1.165195989,1.173051242,1.139011809,1.302662931,1.348485245,1.370741798,1.245057736,1.29088005,1.157340735,1.331465529,1.142939436,1.082715823,1.171742033,1.115446047,1.031656673
507.808,1.011409431,0.985241011,1.008792589,1.067671534,1.054587324,1.147485215,1.202438897,1.161877846,1.058512587,1.099073638,1.019259957,1.231224159,0.993091537,0.928978908,1.029727325,1.000942063,0.935521013
507.881,0.841338278,0.859685219,0.875411168,0.934383477,0.8963791,0.995976778,1.053638591,1.053638591,0.954040914,0.977629837,0.923899511,1.098195447,0.867548193,0.837406791,0.917347032,0.863616706,0.791539439
507.955,0.752389521,0.790204593,0.81758792,0.83714744,0.786292689,0.877570447,0.931033134,0.908865678,0.881482351,0.889306159,0.831931568,0.941464878,0.769341105,0.717182386,0.812372048,0.778468881,0.723702226
508.028,0.676369974,0.704985627,0.710188473,0.717992742,0.725797011,0.781727605,0.810343258,0.816846815,0.746608395,0.764818356,0.744006972,0.858469583,0.675069263,0.663362859,0.708887762,0.67246784,0.649055033
508.102,0.628004847,0.648851481,0.635822335,0.673606859,0.644942737,0.716603041,0.73614676,0.704876809,0.713997212,0.740055504,0.643639822,0.775234199,0.637125249,0.626701932,0.667092285,0.622793188,0.582402835
508.175,0.556118604,0.580806112,0.57950677,0.59509888,0.591200852,0.641875211,0.680855487,0.68215483,0.641875211,0.637977184,0.601595593,0.704243653,0.575608742,0.547023206,0.602894935,0.592500195,0.540526494
508.248,0.511442554,0.525721407,0.54000026,0.537404105,0.538702182,0.565961811,0.597115672,0.575048353,0.576346431,0.571154121,0.527019484,0.630865688,0.525721407,0.49197139,0.552981035,0.514038709,0.512740631
508.322,0.456230396,0.464007051,0.487337014,0.486040905,0.453638178,0.531404723,0.541773596,0.533996941,0.526220287,0.50807476,0.495113669,0.568991886,0.475672033,0.45104596,0.484744796,0.45104596,0.445861524
508.395,0.407914052,0.427400392,0.449484911,0.45208309,0.423503124,0.483261234,0.496252127,0.475466698,0.47027034,0.480663055,0.455980358,0.474167609,0.406614963,0.422204035,0.426101303,0.43129766,0.401418606
508.469,0.377001606,0.397730217,0.375706068,0.396434679,0.378297145,0.42364098,0.439187438,0.4378919,0.421049904,0.422345442,0.414572213,0.445665129,0.395139141,0.37441053,0.413276675,0.380888221,0.354977458
508.542,0.34226671,0.34226671,0.35259929,0.348724572,0.346141427,0.384888602,0.395221182,0.378430739,0.381013884,0.405553762,0.35776558,0.432676784,0.351307717,0.319018405,0.35776558,0.344849855,0.322893122
508.615,0.330424906,0.340750684,0.32138985,0.331715628,0.330424906,0.376890908,0.367855852,0.357530074,0.362692963,0.36656513,0.329134183,0.38334452,0.309773349,0.307191905,0.331715628,0.305901182,0.32138985
508.689,0.293145307,0.27635725,0.291853918,0.28927114,0.294436696,0.344800868,0.347383646,0.335761145,0.308641975,0.294436696,0.297019474,0.321555865,0.300893641,0.273774472,0.311224753,0.304767808,0.255695026
508.762,0.243833213,0.259314687,0.263185055,0.267055424,0.274796161,0.298018371,0.30188874,0.291567757,0.298018371,0.28382702,0.272215915,0.305759108,0.243833213,0.258024564,0.273506038,0.278666529,0.25157395
508.835,0.269978402,0.273835236,0.266121567,0.27769207,0.253265453,0.28669135,0.305975522,0.299547465,0.25969351,0.264835956,0.269978402,0.296976242,0.253265453,0.263550345,0.266121567,0.269978402,0.249408619
508.908,0.225396376,0.227972334,0.236988189,0.244716065,0.244716065,0.279491506,0.264035754,0.262747775,0.242140106,0.255019899,0.257595858,0.260171816,0.238276169,0.236988189,0.242140106,0.238276169,0.224108396
508.982,0.229669737,0.229669737,0.228386666,0.229669737,0.23223588,0.236085093,0.272011086,0.273294157,0.255331161,0.261746516,0.234802022,0.264312659,0.229669737,0.246349663,0.242500449,0.247632734,0.228386666
